       Pause   N    Read GB/s   Write GB/s    Total GB/s    Latency ns
-------------------------------------------------------------------------
           0   3       27.938        0.002        27.940        134.49
           1   3       27.947        0.002        27.949        134.16
          10   3       26.116        0.001        26.117        136.95
          20   3       24.323        0.002        24.324        132.37
          30   3       23.204        0.002        23.206        124.99
          40   3       22.573        0.002        22.574        113.29
          50   3       22.333        0.002        22.335        110.67
          60   3       20.892        0.002        20.893        106.74
          80   3       14.581        0.003        14.584         97.13
         100   3       12.562        0.004        12.566         95.53
         150   3        9.141        0.006         9.147         95.21
         200   3        6.711        0.010         6.721         95.19
         300   3        4.832        0.007         4.840         89.64
         500   3        3.192        0.020         3.213         93.14
        1000   3        1.650        0.028         1.678         93.29
       10000   3        0.179        0.086         0.265         93.57
      100000   3        0.039        0.018         0.058         93.74
     1000000   3        0.022        0.003         0.026         92.99
    10000000   3        0.030        0.003         0.033         91.55
