       Pause   N    Read GB/s   Write GB/s    Total GB/s    Latency ns
-------------------------------------------------------------------------
           0   3       28.309        0.003        28.312        134.05
           1   3       28.240        0.003        28.243        134.17
          10   3       26.232        0.002        26.234        136.78
          20   3       24.293        0.003        24.296        132.22
          30   3       23.211        0.002        23.213        125.01
          40   3       22.519        0.003        22.522        113.29
          50   3       22.281        0.002        22.283        110.81
          60   3       20.853        0.003        20.856        106.75
          70   3       18.936        0.007        18.944         99.45
          80   3       14.566        0.003        14.569         97.07
          90   3       13.489        0.004        13.493         96.47
         100   3       12.544        0.006        12.550         94.80
         150   3        9.242        0.011         9.253         92.32
         200   3        7.171        0.014         7.185         91.16
         300   3        5.108        0.012         5.120         90.39
         500   3        3.194        0.021         3.215         89.97
        1000   3        1.650        0.025         1.675         89.97
       10000   3        0.178        0.052         0.230         90.78
      100000   3        0.044        0.010         0.053         90.76
     1000000   3        0.032        0.005         0.037         90.09
    10000000   3        0.013        0.032         0.045         90.91
