       Pause   N    Read GB/s   Write GB/s    Total GB/s    Latency ns
-------------------------------------------------------------------------
           0   3       27.995        0.001        27.996        134.16
           1   3       27.948        0.001        27.949        134.14
          10   3       26.121        0.001        26.122        136.96
          20   3       24.286        0.003        24.290        132.53
          30   3       23.212        0.002        23.214        125.17
          40   3       22.561        0.001        22.562        113.33
          50   3       22.321        0.003        22.324        110.41
          60   3       20.876        0.001        20.878        106.77
          70   3       18.994        0.002        18.995         99.54
          80   3       14.564        0.003        14.567         96.99
          90   3       13.509        0.002        13.510         96.33
         100   3       12.360        0.008        12.369         95.34
         150   3        8.817        0.004         8.821         95.49
         200   3        6.846        0.010         6.856         94.31
         300   3        5.012        0.019         5.031         94.23
         500   3        3.193        0.013         3.206         92.88
        1000   3        1.648        0.028         1.676         93.30
       10000   3        0.178        0.086         0.264         93.57
      100000   3        0.039        0.018         0.057         93.62
     1000000   3        0.021        0.003         0.023         93.66
    10000000   3        0.030        0.004         0.034         91.64
