       Pause   N    Read GB/s   Write GB/s    Total GB/s    Latency ns
-------------------------------------------------------------------------
           0   3       27.997        0.001        27.998        134.18
           1   3       27.976        0.001        27.977        134.21
          10   3       26.074        0.002        26.075        137.28
         100   3       12.625        0.001        12.627         94.73
        1000   3        1.650        0.029         1.679         90.02
       10000   3        0.181        0.086         0.267         90.38
     1000000   3        0.017        0.002         0.019         90.40
    10000000   3        0.023        0.013         0.036         90.30
