       Pause   N    Read GB/s   Write GB/s    Total GB/s    Latency ns
-------------------------------------------------------------------------
           0   3       27.957        0.002        27.958        134.47
           1   3       27.952        0.001        27.953        134.21
          10   3       26.116        0.001        26.118        136.97
          20   3       24.318        0.001        24.320        132.27
          30   3       23.171        0.003        23.174        124.99
          40   3       22.567        0.002        22.570        113.26
          50   3       22.311        0.002        22.314        110.67
          60   3       20.862        0.002        20.864        106.76
          70   3       19.005        0.002        19.007         99.55
          80   3       14.575        0.002        14.577         97.07
          90   3       13.498        0.004        13.502         96.32
         100   3       12.628        0.002        12.630         94.66
         150   3        9.199        0.008         9.207         96.12
         200   3        7.250        0.011         7.261         94.94
         300   3        5.108        0.016         5.123         93.97
         500   3        3.165        0.022         3.188         93.59
        1000   3        1.634        0.026         1.660         93.08
       10000   3        0.180        0.087         0.267         93.55
      100000   3        0.039        0.019         0.059         93.59
     1000000   3        0.017        0.002         0.019         92.91
    10000000   3        0.021        0.025         0.046         90.58
