       Pause   N    Read GB/s   Write GB/s    Total GB/s    Latency ns
-------------------------------------------------------------------------
           0   3       28.278        0.002        28.280        134.02
           1   3       28.248        0.002        28.250        134.34
          10   3       26.195        0.003        26.198        136.74
          20   3       24.328        0.002        24.330        132.27
          30   3       23.189        0.003        23.192        125.03
          40   3       22.532        0.002        22.534        113.13
          50   3       22.187        0.005        22.192        110.52
          60   3       20.805        0.007        20.812        106.47
          70   3       18.829        0.006        18.835         99.45
          80   3       14.519        0.004        14.523         97.24
          90   3       13.438        0.008        13.446         96.54
         100   3       12.578        0.003        12.581         94.89
         150   3        9.229        0.011         9.240         92.12
         200   3        7.257        0.017         7.274         91.28
         300   3        5.111        0.017         5.129         90.43
         500   3        3.196        0.020         3.216         89.97
        1000   3        1.648        0.021         1.669         89.94
       10000   3        0.180        0.052         0.233         89.84
      100000   3        0.043        0.010         0.053         89.38
     1000000   3        0.033        0.005         0.038         89.95
    10000000   3        0.019        0.023         0.043         89.60
