       Pause   N    Read GB/s   Write GB/s    Total GB/s    Latency ns
-------------------------------------------------------------------------
           0   3       28.270        0.002        28.272        134.24
           1   3       28.245        0.003        28.248        134.20
          10   3       26.203        0.003        26.206        136.79
          20   3       24.288        0.002        24.290        132.38
          30   3       23.208        0.002        23.210        125.02
          40   3       22.548        0.002        22.550        113.30
          50   3       22.283        0.002        22.286        110.57
          60   3       20.650        0.005        20.655        106.53
          70   3       19.009        0.005        19.014         99.56
          80   3       14.431        0.007        14.438         97.18
          90   3       13.462        0.003        13.465         96.49
         100   3       12.440        0.007        12.448         94.82
         150   3        9.208        0.009         9.217         92.35
         200   3        7.234        0.011         7.245         90.91
         300   3        5.112        0.020         5.133         90.37
         500   3        3.195        0.020         3.215         90.01
        1000   3        1.668        0.023         1.691         89.95
       10000   3        0.180        0.057         0.237         89.90
      100000   3        0.046        0.006         0.051         90.67
     1000000   3        0.026        0.004         0.029         90.43
    10000000   3        0.024        0.014         0.038         89.96
